1;41.14996;-8.614044;-0.1503434;0.7182022
2;41.14993;-8.614813;-0.1503568;0.7182017
3;41.15299;-8.612018;-0.1503081;0.7182552
4;41.1536;-8.611996;-0.1503077;0.7182658
5;41.14837;-8.61437;-0.1503491;0.7181746
6;41.14795;-8.612149;-0.1503104;0.7181672
7;41.14788;-8.611281;-0.1502952;0.718166
8;41.14784;-8.610926;-0.150289;0.7181653
9;41.1488;-8.612135;-0.1503101;0.718182
10;41.14717;-8.612186;-0.150311;0.7181537
11;41.14755;-8.613368;-0.1503316;0.7181602
12;41.14599;-8.612215;-0.1503115;0.718133
13;41.15007;-8.617771;-0.1504085;0.7182041
14;41.15071;-8.621094;-0.1504665;0.7182155
15;41.15168;-8.621293;-0.1504699;0.7182322
16;41.14937;-8.622926;-0.1504984;0.718192
17;41.14964;-8.620875;-0.1504627;0.7181967
18;41.14745;-8.620352;-0.1504535;0.7181585
19;41.15073;-8.614271;-0.1503474;0.7182157
20;41.14916;-8.614964;-0.1503595;0.7181883
21;41.14859;-8.615614;-0.1503708;0.7181784
22;41.14777;-8.620502;-0.1504561;0.7181641
23;41.14762;-8.620204;-0.1504509;0.7181615
24;41.1492;-8.61045;-0.1502807;0.7181891
25;41.14604;-8.620148;-0.15045;0.7181339
26;41.14637;-8.617693;-0.1504071;0.7181396
27;41.14588;-8.613521;-0.1503343;0.7181311
28;41.14548;-8.615565;-0.15037;0.718124
29;41.14603;-8.613873;-0.1503404;0.7181337
30;41.14495;-8.617328;-0.1504007;0.7181149
31;41.14519;-8.610891;-0.1502884;0.718119
32;41.14849;-8.619493;-0.1504385;0.7181767
33;41.14861;-8.619337;-0.1504358;0.7181786
34;41.1485;-8.618353;-0.1504186;0.7181768
35;41.14847;-8.618287;-0.1504175;0.7181762
36;41.14801;-8.618095;-0.1504141;0.7181683
37;41.14726;-8.617018;-0.1503953;0.7181552
38;41.14717;-8.6163;-0.1503828;0.7181535
39;41.14718;-8.616215;-0.1503813;0.7181538
40;41.1449;-8.611736;-0.1503032;0.718114
41;41.14559;-8.62389;-0.1505153;0.7181261
42;41.1462;-8.6141;-0.1503444;0.7181366
43;41.14659;-8.614741;-0.1503556;0.7181435
44;41.14764;-8.613749;-0.1503383;0.7181618
45;41.14531;-8.613358;-0.1503315;0.7181211
46;41.14578;-8.613555;-0.1503349;0.7181294
47;41.14524;-8.613586;-0.1503354;0.7181199
48;41.14739;-8.608653;-0.1502493;0.7181575
49;41.14754;-8.609353;-0.1502616;0.7181601
50;41.14772;-8.620051;-0.1504483;0.7181631
51;41.14788;-8.619653;-0.1504413;0.7181659
52;41.14719;-8.615245;-0.1503644;0.718154
53;41.14807;-8.618356;-0.1504187;0.7181693
54;41.14827;-8.615893;-0.1503757;0.7181728
55;41.14743;-8.620568;-0.1504573;0.7181581
56;41.14929;-8.611199;-0.1502938;0.7181906
57;41.14537;-8.61459;-0.150353;0.7181221
58;41.14565;-8.613503;-0.150334;0.718127
59;41.14486;-8.613845;-0.15034;0.7181133
60;41.14392;-8.615019;-0.1503605;0.7180969
61;41.14361;-8.615189;-0.1503634;0.7180914
62;41.14332;-8.615434;-0.1503677;0.7180864
63;41.14324;-8.615486;-0.1503686;0.7180851
64;41.14311;-8.615649;-0.1503714;0.7180828
65;41.14297;-8.615945;-0.1503766;0.7180803
66;41.14293;-8.616122;-0.1503797;0.7180796
67;41.14292;-8.616286;-0.1503826;0.7180794
68;41.14293;-8.616579;-0.1503877;0.7180795
69;41.14297;-8.616913;-0.1503935;0.7180803
70;41.14308;-8.61717;-0.150398;0.7180822
71;41.14311;-8.617342;-0.150401;0.7180827
72;41.14484;-8.616876;-0.1503928;0.718113
73;41.14917;-8.617542;-0.1504045;0.7181886
74;41.14794;-8.618079;-0.1504139;0.7181671
75;41.15012;-8.614793;-0.1503565;0.7182051
76;41.14801;-8.615174;-0.1503632;0.7181683
77;41.14852;-8.614972;-0.1503596;0.7181771
78;41.14911;-8.617705;-0.1504073;0.7181875
79;41.14977;-8.611247;-0.1502946;0.718199
80;41.14976;-8.611112;-0.1502922;0.7181988
81;41.14977;-8.610429;-0.1502803;0.7181989
82;41.14697;-8.613573;-0.1503352;0.71815
83;41.1454;-8.615728;-0.1503728;0.7181227
84;41.1449;-8.615485;-0.1503686;0.718114
85;41.14318;-8.61552;-0.1503692;0.718084
86;41.14488;-8.615161;-0.1503629;0.7181137
87;41.1449;-8.61488;-0.150358;0.718114
88;41.14502;-8.614321;-0.1503483;0.7181161
89;41.14431;-8.614497;-0.1503513;0.7181037
90;41.14488;-8.61499;-0.1503599;0.7181136
91;41.14614;-8.618818;-0.1504268;0.7181356
92;41.14608;-8.618615;-0.1504232;0.7181346
93;41.14602;-8.618589;-0.1504228;0.7181335
94;41.14532;-8.618406;-0.1504196;0.7181214
95;41.14566;-8.62012;-0.1504495;0.7181272
96;41.14606;-8.619408;-0.150437;0.7181342
97;41.14484;-8.623484;-0.1505082;0.718113
98;41.14447;-8.61426;-0.1503472;0.7181066
99;41.14544;-8.614285;-0.1503477;0.7181234
100;41.14505;-8.614225;-0.1503466;0.7181166
101;41.14998;-8.613142;-0.1503277;0.7182026
102;41.15048;-8.611148;-0.1502929;0.7182114
103;41.15003;-8.612991;-0.1503251;0.7182035
104;41.15005;-8.611097;-0.150292;0.7182038
105;41.14988;-8.611205;-0.1502939;0.7182009
106;41.15033;-8.610877;-0.1502881;0.7182087
107;41.15027;-8.612099;-0.1503095;0.7182077
108;41.1446;-8.621814;-0.150479;0.7181088
109;41.14753;-8.621332;-0.1504706;0.7181598
110;41.14771;-8.62046;-0.1504554;0.7181631
111;41.14767;-8.620367;-0.1504538;0.7181624
112;41.1475;-8.62031;-0.1504528;0.7181594
113;41.14718;-8.61742;-0.1504024;0.7181538
114;41.14673;-8.617576;-0.1504051;0.718146
115;41.14302;-8.615801;-0.1503741;0.7180812
116;41.14826;-8.614397;-0.1503496;0.7181726
117;41.14827;-8.612989;-0.150325;0.7181728
118;41.14835;-8.614117;-0.1503447;0.7181743
119;41.14803;-8.612287;-0.1503128;0.7181685
120;41.14795;-8.613166;-0.1503281;0.7181672
121;41.14828;-8.613128;-0.1503274;0.7181729
122;41.14771;-8.620144;-0.1504499;0.718163
123;41.14756;-8.62015;-0.15045;0.7181605
124;41.14743;-8.620359;-0.1504537;0.7181582
125;41.14791;-8.619776;-0.1504435;0.7181665
126;41.14804;-8.618814;-0.1504267;0.7181689
127;41.1475;-8.620217;-0.1504512;0.7181594
128;41.14821;-8.61308;-0.1503266;0.7181717
129;41.14808;-8.618567;-0.1504224;0.7181695
130;41.1477;-8.620008;-0.1504475;0.7181628
131;41.1482;-8.612966;-0.1503246;0.7181716
132;41.14784;-8.6196;-0.1504404;0.7181653
133;41.14792;-8.619706;-0.1504423;0.7181667
134;41.14779;-8.619824;-0.1504443;0.7181644
135;41.14754;-8.616085;-0.150379;0.71816
136;41.1446;-8.609486;-0.1502639;0.7181087
137;41.14503;-8.608747;-0.150251;0.7181163
138;41.14519;-8.610668;-0.1502845;0.7181191
139;41.1488;-8.615663;-0.1503717;0.718182
140;41.14881;-8.61613;-0.1503798;0.7181823
141;41.14476;-8.621725;-0.1504775;0.7181115
142;41.14484;-8.621702;-0.1504771;0.7181129
143;41.14491;-8.621714;-0.1504773;0.7181141
144;41.145;-8.621641;-0.150476;0.7181157
145;41.1451;-8.621555;-0.1504745;0.7181174
146;41.14515;-8.62148;-0.1504732;0.7181184
147;41.14521;-8.621327;-0.1504706;0.7181194
148;41.14536;-8.620907;-0.1504632;0.7181219
149;41.1455;-8.62049;-0.1504559;0.7181244
150;41.1456;-8.620239;-0.1504516;0.7181261
151;41.14679;-8.620244;-0.1504516;0.718147
152;41.1463;-8.620134;-0.1504497;0.7181383
153;41.14799;-8.618558;-0.1504222;0.718168
154;41.14623;-8.620119;-0.1504495;0.7181371
155;41.14806;-8.618318;-0.150418;0.718169
156;41.14654;-8.620189;-0.1504507;0.7181426
157;41.14691;-8.62028;-0.1504523;0.7181491
158;41.14718;-8.617887;-0.1504105;0.7181538
159;41.14703;-8.620333;-0.1504532;0.7181512
160;41.14942;-8.611213;-0.150294;0.7181929
161;41.14594;-8.613627;-0.1503362;0.7181322
162;41.14602;-8.613555;-0.1503349;0.7181336
163;41.14613;-8.618711;-0.1504249;0.7181355
164;41.14716;-8.615187;-0.1503634;0.7181534
165;41.14719;-8.61506;-0.1503612;0.7181539
166;41.14721;-8.616119;-0.1503797;0.7181543
167;41.14723;-8.615335;-0.1503659;0.7181546
168;41.14725;-8.614955;-0.1503593;0.7181551
169;41.14768;-8.614617;-0.1503534;0.7181625
170;41.14783;-8.620055;-0.1504484;0.718165
171;41.14787;-8.614506;-0.1503515;0.7181658
172;41.14825;-8.616003;-0.1503776;0.7181724
173;41.14874;-8.615372;-0.1503666;0.718181
174;41.14865;-8.615598;-0.1503706;0.7181795
175;41.1487;-8.615591;-0.1503704;0.7181804
176;41.14934;-8.611151;-0.1502929;0.7181914
177;41.1497;-8.611094;-0.1502919;0.7181977
178;41.14971;-8.610348;-0.1502789;0.7181979
179;41.14971;-8.611139;-0.1502927;0.7181979
180;41.14983;-8.611008;-0.1502904;0.7182
181;41.14986;-8.611495;-0.1502989;0.7182005
182;41.14994;-8.611424;-0.1502977;0.718202
183;41.15049;-8.610851;-0.1502877;0.7182115
184;41.14464;-8.622527;-0.1504915;0.7181094
185;41.14606;-8.620154;-0.1504501;0.7181342
186;41.14611;-8.620169;-0.1504503;0.7181351
187;41.14727;-8.62045;-0.1504552;0.7181553
188;41.14736;-8.620643;-0.1504586;0.7181569
189;41.14734;-8.620405;-0.1504544;0.7181565
190;41.14869;-8.619292;-0.150435;0.7181801
191;41.14869;-8.619748;-0.150443;0.7181801
192;41.14875;-8.619432;-0.1504375;0.7181811
193;41.14863;-8.619265;-0.1504346;0.718179
194;41.14877;-8.619485;-0.1504384;0.7181814
195;41.14876;-8.619536;-0.1504393;0.7181814
196;41.14857;-8.619416;-0.1504372;0.718178
197;41.14863;-8.619193;-0.1504333;0.718179
198;41.14482;-8.617176;-0.1503981;0.7181126
199;41.14481;-8.616978;-0.1503946;0.7181125
200;41.1475;-8.621489;-0.1504734;0.7181593
201;41.14418;-8.609395;-0.1502623;0.7181014
202;41.14798;-8.61489;-0.1503582;0.7181677
203;41.14813;-8.615677;-0.1503719;0.7181703
204;41.1472;-8.616463;-0.1503856;0.7181541
205;41.14693;-8.617507;-0.1504039;0.7181494
206;41.14829;-8.616077;-0.1503789;0.7181732
207;41.14729;-8.616945;-0.1503941;0.7181557
208;41.14729;-8.616981;-0.1503947;0.7181557
209;41.14728;-8.615322;-0.1503657;0.7181556
210;41.14568;-8.615064;-0.1503612;0.7181277
211;41.14594;-8.614253;-0.1503471;0.7181322
212;41.14593;-8.614594;-0.150353;0.718132
213;41.14573;-8.615046;-0.1503609;0.7181284
214;41.14595;-8.614529;-0.1503519;0.7181323
215;41.146;-8.614555;-0.1503524;0.7181331
216;41.14588;-8.614614;-0.1503534;0.7181311
217;41.146;-8.614157;-0.1503454;0.7181332
218;41.14615;-8.614105;-0.1503445;0.7181358
219;41.14595;-8.614218;-0.1503465;0.7181323
220;41.14603;-8.614132;-0.150345;0.7181336
221;41.14606;-8.614118;-0.1503447;0.7181342
222;41.14806;-8.618084;-0.1504139;0.7181692
223;41.14832;-8.618009;-0.1504126;0.7181736
224;41.14606;-8.610917;-0.1502889;0.7181342
225;41.14608;-8.610606;-0.1502834;0.7181345
226;41.1449;-8.609514;-0.1502644;0.718114
227;41.14606;-8.610625;-0.1502838;0.7181343
228;41.14592;-8.610765;-0.1502862;0.7181318
229;41.14598;-8.61085;-0.1502877;0.7181329
230;41.14508;-8.611856;-0.1503053;0.7181171
231;41.14597;-8.612441;-0.1503154;0.7181327
232;41.1456;-8.612236;-0.1503119;0.7181262
233;41.14568;-8.612243;-0.150312;0.7181277
234;41.14574;-8.612245;-0.150312;0.7181286
235;41.14536;-8.612034;-0.1503083;0.718122
236;41.146;-8.612137;-0.1503101;0.7181332
237;41.14312;-8.617461;-0.1504031;0.718083
238;41.14491;-8.616733;-0.1503904;0.7181142
239;41.14524;-8.61557;-0.1503701;0.7181199
240;41.14536;-8.615581;-0.1503703;0.7181221
241;41.14542;-8.615634;-0.1503712;0.718123
242;41.1452;-8.615556;-0.1503698;0.7181193
243;41.14514;-8.615383;-0.1503668;0.7181181
244;41.14544;-8.615584;-0.1503703;0.7181234
245;41.14514;-8.615355;-0.1503663;0.7181181
246;41.1454;-8.615584;-0.1503703;0.7181228
247;41.14515;-8.615455;-0.150368;0.7181184
248;41.14517;-8.615497;-0.1503688;0.7181187
249;41.14497;-8.615473;-0.1503684;0.7181152
250;41.14515;-8.615412;-0.1503673;0.7181183
251;41.14518;-8.615525;-0.1503693;0.7181189
252;41.1454;-8.615605;-0.1503707;0.7181228
253;41.14491;-8.615433;-0.1503677;0.7181141
254;41.14492;-8.615446;-0.1503679;0.7181143
255;41.14494;-8.615461;-0.1503682;0.7181146
256;41.1449;-8.615412;-0.1503673;0.718114
257;41.14602;-8.613773;-0.1503387;0.7181335
258;41.14603;-8.61383;-0.1503397;0.7181337
259;41.14496;-8.616641;-0.1503888;0.718115
260;41.14581;-8.613545;-0.1503347;0.7181299
261;41.14555;-8.615399;-0.1503671;0.7181254
262;41.14588;-8.61338;-0.1503319;0.7181311
263;41.14968;-8.611089;-0.1502918;0.7181973
264;41.14667;-8.611166;-0.1502932;0.7181449
265;41.14605;-8.611462;-0.1502984;0.718134
266;41.14622;-8.611272;-0.150295;0.718137
267;41.1467;-8.611506;-0.1502991;0.7181454
268;41.14677;-8.611229;-0.1502943;0.7181467
269;41.14676;-8.611455;-0.1502982;0.7181465
270;41.1468;-8.611346;-0.1502963;0.7181472
271;41.14679;-8.611406;-0.1502974;0.718147
272;41.1468;-8.611283;-0.1502952;0.7181471
273;41.14626;-8.611587;-0.1503005;0.7181377
274;41.14674;-8.611191;-0.1502936;0.718146
275;41.14604;-8.611684;-0.1503022;0.7181339
276;41.14703;-8.611093;-0.1502919;0.7181511
277;41.14697;-8.611155;-0.150293;0.71815
278;41.14695;-8.611368;-0.1502967;0.7181498
279;41.14699;-8.611405;-0.1502974;0.7181504
280;41.14707;-8.611439;-0.150298;0.7181518
281;41.14901;-8.610543;-0.1502823;0.7181857
282;41.14693;-8.611317;-0.1502958;0.7181494
283;41.14829;-8.610806;-0.1502869;0.7181732
284;41.1491;-8.611189;-0.1502936;0.7181872
285;41.14693;-8.611258;-0.1502948;0.7181494
286;41.14694;-8.6112;-0.1502938;0.7181495
287;41.14837;-8.611218;-0.1502941;0.7181745
288;41.14719;-8.612215;-0.1503115;0.718154
289;41.14818;-8.612148;-0.1503103;0.7181712
290;41.14814;-8.612237;-0.1503119;0.7181706
291;41.14812;-8.612268;-0.1503124;0.7181703
292;41.14816;-8.612211;-0.1503114;0.7181709
293;41.14821;-8.612169;-0.1503107;0.7181718
294;41.14819;-8.612188;-0.150311;0.7181714
295;41.14811;-8.612358;-0.150314;0.71817
296;41.14825;-8.61215;-0.1503104;0.7181724
297;41.1483;-8.612989;-0.150325;0.7181733
298;41.14591;-8.614459;-0.1503507;0.7181317
299;41.14592;-8.614513;-0.1503516;0.7181318
300;41.14592;-8.614489;-0.1503512;0.7181317
301;41.14762;-8.61382;-0.1503395;0.7181615
302;41.14763;-8.613801;-0.1503392;0.7181616
303;41.1476;-8.613845;-0.15034;0.718161
304;41.14758;-8.613853;-0.1503401;0.7181608
305;41.14761;-8.613832;-0.1503397;0.7181613
306;41.14756;-8.61386;-0.1503402;0.7181604
307;41.14763;-8.61378;-0.1503388;0.7181616
308;41.1477;-8.61408;-0.1503441;0.7181629
309;41.14771;-8.614046;-0.1503435;0.7181631
310;41.14769;-8.614096;-0.1503443;0.7181627
311;41.14768;-8.614107;-0.1503445;0.7181625
312;41.14685;-8.615138;-0.1503625;0.718148
313;41.14697;-8.61521;-0.1503638;0.7181501
314;41.14672;-8.614961;-0.1503594;0.7181457
315;41.14676;-8.614995;-0.15036;0.7181465
316;41.14714;-8.615183;-0.1503633;0.7181531
317;41.14676;-8.615135;-0.1503625;0.7181465
318;41.14558;-8.615387;-0.1503669;0.7181259
319;41.14676;-8.615108;-0.150362;0.7181465
320;41.14676;-8.615161;-0.1503629;0.7181464
321;41.14665;-8.615277;-0.150365;0.7181445
322;41.14674;-8.615212;-0.1503638;0.7181461
323;41.14672;-8.615232;-0.1503642;0.7181458
324;41.14564;-8.61549;-0.1503687;0.7181268
325;41.14673;-8.615008;-0.1503603;0.7181459
326;41.14558;-8.615355;-0.1503663;0.7181259
327;41.14558;-8.615316;-0.1503656;0.7181259
328;41.14551;-8.615548;-0.1503697;0.7181246
329;41.1471;-8.615174;-0.1503632;0.7181524
330;41.14561;-8.615467;-0.1503683;0.7181264
331;41.14556;-8.615521;-0.1503692;0.7181255
332;41.14565;-8.615497;-0.1503688;0.7181271
333;41.14675;-8.615045;-0.1503609;0.7181462
334;41.14676;-8.615079;-0.1503615;0.7181464
335;41.14687;-8.615168;-0.150363;0.7181484
336;41.14553;-8.615532;-0.1503694;0.718125
337;41.14559;-8.615417;-0.1503674;0.718126
338;41.14675;-8.61519;-0.1503634;0.7181463
339;41.1456;-8.615444;-0.1503679;0.7181262
340;41.14532;-8.616144;-0.1503801;0.7181212
341;41.14535;-8.616174;-0.1503806;0.7181218
342;41.1472;-8.617404;-0.1504021;0.7181541
343;41.14723;-8.61734;-0.150401;0.7181547
344;41.14721;-8.617393;-0.1504019;0.7181543
345;41.14722;-8.617375;-0.1504016;0.7181544
346;41.14721;-8.615279;-0.150365;0.7181544
347;41.14725;-8.616036;-0.1503782;0.718155
348;41.14729;-8.615903;-0.1503759;0.7181557
349;41.14722;-8.614995;-0.15036;0.7181545
350;41.14721;-8.616976;-0.1503946;0.7181543
351;41.14721;-8.617448;-0.1504028;0.7181544
352;41.14725;-8.617196;-0.1503984;0.718155
353;41.14719;-8.617423;-0.1504024;0.718154
354;41.14729;-8.615952;-0.1503767;0.7181556
355;41.14744;-8.616092;-0.1503792;0.7181582
356;41.14721;-8.617432;-0.1504026;0.7181542
357;41.14724;-8.616146;-0.1503801;0.7181548
358;41.14715;-8.616407;-0.1503847;0.7181533
359;41.14732;-8.616108;-0.1503794;0.7181562
360;41.14731;-8.615972;-0.1503771;0.718156
361;41.14722;-8.617481;-0.1504034;0.7181544
362;41.14734;-8.616022;-0.150378;0.7181565
363;41.14739;-8.616066;-0.1503787;0.7181574
364;41.14739;-8.616096;-0.1503792;0.7181574
365;41.14491;-8.617295;-0.1504002;0.7181141
366;41.14486;-8.617241;-0.1503992;0.7181132
367;41.14499;-8.61735;-0.1504011;0.7181155
368;41.14481;-8.617085;-0.1503965;0.7181123
369;41.14624;-8.619699;-0.1504421;0.7181373
370;41.14703;-8.620217;-0.1504512;0.7181512
371;41.14612;-8.619552;-0.1504396;0.7181353
372;41.14722;-8.62042;-0.1504547;0.7181545
373;41.14644;-8.619884;-0.1504453;0.7181408
374;41.14635;-8.619833;-0.1504445;0.7181394
375;41.14683;-8.61999;-0.1504472;0.7181477
376;41.14673;-8.619961;-0.1504467;0.718146
377;41.14473;-8.618309;-0.1504179;0.7181111
378;41.14513;-8.61834;-0.1504184;0.718118
379;41.14624;-8.618222;-0.1504164;0.7181373
380;41.14972;-8.611246;-0.1502946;0.7181981
381;41.14445;-8.621994;-0.1504822;0.7181062
382;41.14481;-8.623258;-0.1505042;0.7181123
383;41.14476;-8.623027;-0.1505002;0.7181115
384;41.14471;-8.622787;-0.150496;0.7181106
385;41.14453;-8.621904;-0.1504806;0.7181075
386;41.14445;-8.62202;-0.1504826;0.7181061
387;41.14444;-8.622055;-0.1504833;0.718106
388;41.14445;-8.622086;-0.1504838;0.7181062
389;41.14736;-8.620187;-0.1504506;0.7181569
390;41.14741;-8.620199;-0.1504509;0.7181578
391;41.14744;-8.620194;-0.1504508;0.7181584
392;41.14734;-8.620161;-0.1504502;0.7181565
393;41.14747;-8.620179;-0.1504505;0.7181588
394;41.14732;-8.62002;-0.1504477;0.7181563
395;41.14733;-8.620138;-0.1504498;0.7181563
396;41.14731;-8.620065;-0.1504485;0.7181561
397;41.14732;-8.620101;-0.1504491;0.7181562
398;41.14738;-8.620197;-0.1504508;0.7181573
399;41.14764;-8.620025;-0.1504478;0.7181619
400;41.14618;-8.619657;-0.1504414;0.7181363
401;41.14758;-8.620008;-0.1504475;0.7181607
402;41.14644;-8.61993;-0.1504462;0.7181409
403;41.1464;-8.619899;-0.1504456;0.7181401
404;41.14655;-8.62007;-0.1504486;0.7181427
405;41.14638;-8.619863;-0.150445;0.7181398
406;41.14653;-8.620061;-0.1504484;0.7181423
407;41.14688;-8.620147;-0.1504499;0.7181485
408;41.1465;-8.620036;-0.150448;0.7181419
409;41.14648;-8.619998;-0.1504473;0.7181416
410;41.14649;-8.620023;-0.1504478;0.7181417
411;41.14639;-8.619877;-0.1504452;0.7181399
412;41.14647;-8.619972;-0.1504469;0.7181414
413;41.14646;-8.619952;-0.1504465;0.7181413
414;41.14621;-8.619904;-0.1504457;0.7181368
415;41.14625;-8.619914;-0.1504459;0.7181375
416;41.14693;-8.620031;-0.1504479;0.7181494
417;41.14692;-8.620174;-0.1504504;0.7181492
418;41.14697;-8.620224;-0.1504513;0.71815
419;41.14696;-8.620253;-0.1504518;0.71815
420;41.14692;-8.620123;-0.1504495;0.7181493
421;41.1464;-8.619781;-0.1504436;0.7181402
422;41.14659;-8.619923;-0.150446;0.7181435
423;41.14648;-8.619707;-0.1504423;0.7181416
424;41.14666;-8.619879;-0.1504453;0.7181447
425;41.14669;-8.619909;-0.1504458;0.7181453
426;41.14652;-8.61982;-0.1504442;0.7181423
427;41.14656;-8.619831;-0.1504444;0.718143
428;41.14668;-8.619894;-0.1504455;0.718145
429;41.1467;-8.61992;-0.150446;0.7181454
430;41.14627;-8.619692;-0.150442;0.718138
431;41.14627;-8.619567;-0.1504398;0.7181379
432;41.14642;-8.619349;-0.150436;0.7181405
433;41.14631;-8.619303;-0.1504352;0.7181386
434;41.14641;-8.619402;-0.1504369;0.7181404
435;41.14629;-8.61937;-0.1504364;0.7181383
436;41.1463;-8.619441;-0.1504376;0.7181385
437;41.14635;-8.619448;-0.1504377;0.7181393
438;41.14625;-8.619578;-0.15044;0.7181375
439;41.14634;-8.61927;-0.1504346;0.7181391
440;41.14635;-8.619268;-0.1504346;0.7181394
441;41.14619;-8.619574;-0.1504399;0.7181365
442;41.14634;-8.619463;-0.150438;0.7181391
443;41.14632;-8.619466;-0.1504381;0.7181387
444;41.14637;-8.619275;-0.1504347;0.7181397
445;41.14632;-8.619283;-0.1504349;0.7181388
446;41.14629;-8.619411;-0.1504371;0.7181382
447;41.14638;-8.619435;-0.1504375;0.7181398
448;41.1464;-8.619305;-0.1504352;0.7181402
449;41.14642;-8.619325;-0.1504356;0.7181404
450;41.14639;-8.619286;-0.1504349;0.7181399
451;41.14642;-8.619375;-0.1504365;0.7181405
452;41.1463;-8.619335;-0.1504358;0.7181383
453;41.1463;-8.619547;-0.1504395;0.7181383
454;41.1464;-8.619421;-0.1504373;0.7181401
455;41.14622;-8.61958;-0.1504401;0.7181371
456;41.14631;-8.619517;-0.150439;0.7181386
457;41.14644;-8.619744;-0.1504429;0.7181409
458;41.14669;-8.619603;-0.1504405;0.7181453
459;41.14646;-8.619427;-0.1504374;0.7181413
460;41.14636;-8.61975;-0.150443;0.7181394
461;41.14665;-8.61961;-0.1504406;0.7181445
462;41.14653;-8.619528;-0.1504391;0.7181425
463;41.14655;-8.619656;-0.1504414;0.7181427
464;41.14655;-8.619676;-0.1504417;0.7181428
465;41.14648;-8.619731;-0.1504427;0.7181415
466;41.14673;-8.619594;-0.1504403;0.7181459
467;41.14648;-8.619444;-0.1504377;0.7181416
468;41.14657;-8.619587;-0.1504402;0.7181431
469;41.14662;-8.61961;-0.1504406;0.718144
470;41.14641;-8.619749;-0.150443;0.7181403
471;41.1465;-8.619466;-0.1504381;0.7181419
472;41.1466;-8.619605;-0.1504405;0.7181436
473;41.14653;-8.619663;-0.1504415;0.7181425
474;41.14654;-8.619551;-0.1504395;0.7181426
475;41.14652;-8.619691;-0.150442;0.7181422
476;41.14644;-8.619417;-0.1504372;0.7181409
477;41.14654;-8.619626;-0.1504409;0.7181426
478;41.14655;-8.619574;-0.1504399;0.7181428
479;41.14655;-8.619583;-0.1504401;0.7181427
480;41.1465;-8.619715;-0.1504424;0.7181419
481;41.14642;-8.619414;-0.1504372;0.7181405
482;41.1467;-8.619716;-0.1504424;0.7181454
483;41.14658;-8.619689;-0.150442;0.7181432
484;41.1471;-8.619;-0.1504299;0.7181523
485;41.14716;-8.618539;-0.1504219;0.7181535
486;41.14741;-8.618957;-0.1504292;0.7181578
487;41.14757;-8.619163;-0.1504328;0.7181606
488;41.14762;-8.619234;-0.150434;0.7181615
489;41.14666;-8.618452;-0.1504204;0.7181447
490;41.14725;-8.618995;-0.1504298;0.7181551
491;41.14737;-8.618961;-0.1504292;0.718157
492;41.14671;-8.61876;-0.1504257;0.7181455
493;41.1474;-8.618956;-0.1504292;0.7181575
494;41.14743;-8.618973;-0.1504295;0.7181581
495;41.14674;-8.618785;-0.1504262;0.7181461
496;41.14712;-8.618528;-0.1504217;0.7181528
497;41.1469;-8.618874;-0.1504277;0.7181489
498;41.14668;-8.618727;-0.1504252;0.718145
499;41.14718;-8.619004;-0.15043;0.7181538
500;41.14664;-8.618649;-0.1504238;0.7181444
501;41.14772;-8.619308;-0.1504353;0.7181633
502;41.14754;-8.619097;-0.1504316;0.7181602
503;41.14784;-8.619335;-0.1504358;0.7181653
504;41.14664;-8.618597;-0.1504229;0.7181444
505;41.14769;-8.619289;-0.150435;0.7181626
506;41.14668;-8.618431;-0.15042;0.718145
507;41.14665;-8.618489;-0.150421;0.7181445
508;41.14706;-8.618992;-0.1504298;0.7181517
509;41.14671;-8.618421;-0.1504198;0.7181455
510;41.14666;-8.618694;-0.1504246;0.7181447
511;41.1476;-8.619153;-0.1504326;0.7181611
512;41.14759;-8.61864;-0.1504236;0.7181609
513;41.14763;-8.618676;-0.1504243;0.7181616
514;41.14761;-8.619224;-0.1504338;0.7181613
515;41.14761;-8.619083;-0.1504314;0.7181613
516;41.14765;-8.618748;-0.1504255;0.718162
517;41.14761;-8.61918;-0.1504331;0.7181612
518;41.14765;-8.618714;-0.1504249;0.7181619
519;41.14761;-8.619118;-0.150432;0.7181612
520;41.14765;-8.618787;-0.1504262;0.718162
521;41.14761;-8.618655;-0.1504239;0.7181613
522;41.14595;-8.620187;-0.1504506;0.7181324
523;41.14782;-8.619835;-0.1504445;0.7181649
524;41.14789;-8.619852;-0.1504448;0.7181661
525;41.14792;-8.61935;-0.150436;0.7181666
526;41.14778;-8.619921;-0.150446;0.7181642
527;41.14611;-8.619638;-0.1504411;0.7181351
528;41.14617;-8.619194;-0.1504333;0.7181361
529;41.14519;-8.61076;-0.1502861;0.718119
530;41.14523;-8.610729;-0.1502856;0.7181198
531;41.14575;-8.610682;-0.1502848;0.7181288
532;41.14512;-8.611883;-0.1503057;0.7181178
533;41.14518;-8.611715;-0.1503028;0.7181188
534;41.14741;-8.608712;-0.1502504;0.7181578
535;41.14882;-8.610624;-0.1502837;0.7181824
536;41.14861;-8.610702;-0.1502851;0.7181787
537;41.14687;-8.610964;-0.1502897;0.7181484
538;41.1479;-8.611383;-0.150297;0.7181663
539;41.14999;-8.611334;-0.1502961;0.7182028
540;41.14986;-8.611277;-0.1502951;0.7182006
541;41.1498;-8.611297;-0.1502955;0.7181996
542;41.14972;-8.611195;-0.1502937;0.7181982
543;41.14981;-8.611264;-0.1502949;0.7181996
544;41.1498;-8.611279;-0.1502952;0.7181996
545;41.14983;-8.611227;-0.1502943;0.7182
546;41.14981;-8.611252;-0.1502947;0.7181997
547;41.14983;-8.61126;-0.1502948;0.7182001
548;41.14967;-8.610345;-0.1502789;0.7181972
549;41.14928;-8.61114;-0.1502928;0.7181904
550;41.1498;-8.611095;-0.150292;0.7181994
551;41.14931;-8.611151;-0.1502929;0.718191
552;41.14971;-8.611113;-0.1502923;0.7181979
553;41.14975;-8.610377;-0.1502794;0.7181985
554;41.14973;-8.611217;-0.1502941;0.7181982
555;41.1493;-8.611148;-0.1502929;0.7181907
556;41.14974;-8.611233;-0.1502944;0.7181985
557;41.14982;-8.611054;-0.1502912;0.7181999
558;41.14921;-8.610518;-0.1502819;0.7181892
559;41.14983;-8.612984;-0.1503249;0.7182
560;41.1489;-8.612988;-0.150325;0.7181837
561;41.1501;-8.612802;-0.1503218;0.7182048
562;41.1483;-8.614371;-0.1503491;0.7181733
563;41.14835;-8.614291;-0.1503477;0.7181741
564;41.14833;-8.614381;-0.1503493;0.7181739
565;41.14836;-8.614178;-0.1503458;0.7181743
566;41.14833;-8.614333;-0.1503485;0.7181738
567;41.14835;-8.614242;-0.1503469;0.7181743
568;41.14692;-8.615197;-0.1503635;0.7181493
569;41.1469;-8.615189;-0.1503634;0.7181489
570;41.14837;-8.615053;-0.150361;0.7181746
571;41.14891;-8.614951;-0.1503593;0.7181839
572;41.14848;-8.614749;-0.1503557;0.7181765
573;41.14813;-8.615148;-0.1503627;0.7181704
574;41.14856;-8.614332;-0.1503485;0.7181778
575;41.14869;-8.614312;-0.1503481;0.7181802
576;41.14984;-8.61481;-0.1503568;0.7182002
577;41.14893;-8.615113;-0.1503621;0.7181843
578;41.14966;-8.614841;-0.1503574;0.7181971
579;41.14934;-8.614931;-0.1503589;0.7181915
580;41.14903;-8.615024;-0.1503605;0.718186
581;41.14716;-8.615132;-0.1503624;0.7181535
582;41.14917;-8.617374;-0.1504016;0.7181884
583;41.14869;-8.617791;-0.1504088;0.7181801
584;41.14796;-8.617332;-0.1504008;0.7181673
585;41.14726;-8.617206;-0.1503986;0.7181551
586;41.14881;-8.617335;-0.1504009;0.7181821
587;41.1479;-8.616728;-0.1503903;0.7181664
588;41.14729;-8.617219;-0.1503989;0.7181557
589;41.14828;-8.617137;-0.1503974;0.7181729
590;41.14885;-8.617286;-0.1504;0.7181829
591;41.14812;-8.617357;-0.1504012;0.7181703
592;41.14887;-8.617276;-0.1503998;0.7181833
593;41.14771;-8.617287;-0.1504;0.7181631
594;41.14783;-8.616668;-0.1503892;0.7181652
595;41.14779;-8.6167;-0.1503898;0.7181644
596;41.1478;-8.616687;-0.1503896;0.7181645
597;41.14865;-8.61743;-0.1504025;0.7181795
598;41.14776;-8.617296;-0.1504002;0.7181639
599;41.1488;-8.617388;-0.1504018;0.7181821
600;41.14741;-8.617237;-0.1503992;0.7181578
601;41.14906;-8.617372;-0.1504015;0.7181866
602;41.14905;-8.617319;-0.1504006;0.7181864
603;41.14734;-8.617226;-0.150399;0.7181565
604;41.14812;-8.617476;-0.1504033;0.7181701
605;41.14789;-8.616681;-0.1503895;0.7181661
606;41.14907;-8.617377;-0.1504016;0.7181869
607;41.14789;-8.617319;-0.1504006;0.7181661
608;41.14781;-8.616673;-0.1503893;0.7181648
609;41.14725;-8.617226;-0.150399;0.7181551
610;41.1488;-8.617411;-0.1504022;0.718182
611;41.14799;-8.617337;-0.1504009;0.718168
612;41.14878;-8.61742;-0.1504024;0.7181817
613;41.14724;-8.61724;-0.1503992;0.7181548
614;41.14787;-8.616672;-0.1503893;0.7181658
615;41.14831;-8.617446;-0.1504028;0.7181735
616;41.14906;-8.617358;-0.1504013;0.7181865
617;41.14727;-8.617212;-0.1503987;0.7181553
618;41.14882;-8.617308;-0.1504004;0.7181824
619;41.1476;-8.617267;-0.1503997;0.7181611
620;41.1479;-8.616702;-0.1503898;0.7181664
621;41.14727;-8.617218;-0.1503988;0.7181553
622;41.14799;-8.617465;-0.1504031;0.718168
623;41.14905;-8.617305;-0.1504003;0.7181864
624;41.14814;-8.617808;-0.1504091;0.7181706
625;41.14822;-8.61585;-0.150375;0.7181719
626;41.14876;-8.616194;-0.150381;0.7181814
627;41.14874;-8.616196;-0.150381;0.7181809
628;41.14823;-8.615973;-0.1503771;0.7181721
629;41.14822;-8.615947;-0.1503766;0.7181718
630;41.14883;-8.61588;-0.1503755;0.7181826
631;41.14878;-8.616183;-0.1503808;0.7181817
632;41.14821;-8.615911;-0.150376;0.7181718
633;41.14824;-8.615793;-0.150374;0.7181723
634;41.14879;-8.61617;-0.1503805;0.7181819
635;41.14882;-8.615691;-0.1503722;0.7181824
636;41.1488;-8.616151;-0.1503802;0.7181821
637;41.1483;-8.615764;-0.1503734;0.7181734
638;41.14868;-8.615587;-0.1503704;0.71818
639;41.14884;-8.615732;-0.1503729;0.7181827
640;41.14885;-8.615773;-0.1503736;0.7181829
641;41.14847;-8.616147;-0.1503801;0.7181763
642;41.14826;-8.616047;-0.1503784;0.7181726
643;41.14828;-8.615731;-0.1503729;0.7181729
644;41.14829;-8.615714;-0.1503726;0.7181732
645;41.14853;-8.615593;-0.1503705;0.7181774
646;41.14811;-8.615892;-0.1503757;0.71817
647;41.14816;-8.615725;-0.1503728;0.7181709
648;41.14796;-8.615994;-0.1503775;0.7181675
649;41.14813;-8.615989;-0.1503774;0.7181704
650;41.1483;-8.616026;-0.150378;0.7181734
651;41.14732;-8.615721;-0.1503727;0.7181562
652;41.14727;-8.615364;-0.1503665;0.7181553
653;41.14725;-8.615328;-0.1503658;0.7181551
654;41.14728;-8.615396;-0.150367;0.7181555
655;41.14731;-8.615722;-0.1503727;0.7181561
656;41.14729;-8.617015;-0.1503953;0.7181556
657;41.14727;-8.617068;-0.1503962;0.7181554
658;41.14726;-8.616657;-0.150389;0.7181551
659;41.14725;-8.617105;-0.1503968;0.7181551
660;41.14569;-8.610651;-0.1502842;0.7181278
661;41.14843;-8.618245;-0.1504167;0.7181756
662;41.14839;-8.618223;-0.1504164;0.7181749
663;41.14811;-8.618087;-0.150414;0.71817
664;41.14899;-8.617756;-0.1504082;0.7181854
665;41.14902;-8.618179;-0.1504156;0.7181859
666;41.14896;-8.618157;-0.1504152;0.7181848
667;41.14914;-8.617671;-0.1504067;0.718188
668;41.14843;-8.61797;-0.1504119;0.7181755
669;41.14912;-8.617694;-0.1504071;0.7181877
670;41.1482;-8.61891;-0.1504284;0.7181716
671;41.14816;-8.618931;-0.1504287;0.7181708
672;41.14836;-8.618844;-0.1504272;0.7181743
673;41.14786;-8.619916;-0.1504459;0.7181656
674;41.14808;-8.618136;-0.1504149;0.7181695
675;41.14774;-8.620076;-0.1504487;0.7181635
676;41.14777;-8.620047;-0.1504482;0.7181641
677;41.14782;-8.619987;-0.1504472;0.7181649
678;41.14852;-8.61843;-0.15042;0.7181772
679;41.14993;-8.618559;-0.1504222;0.7182018
680;41.14955;-8.618476;-0.1504208;0.7181951
681;41.14995;-8.618591;-0.1504228;0.7182022
682;41.14992;-8.618551;-0.1504221;0.7182016
683;41.14994;-8.618572;-0.1504225;0.718202
684;41.14835;-8.619618;-0.1504407;0.7181743
685;41.14871;-8.620685;-0.1504593;0.7181804
686;41.14767;-8.620319;-0.150453;0.7181622
687;41.14767;-8.620259;-0.1504519;0.7181624
688;41.14768;-8.62021;-0.150451;0.7181625
689;41.14769;-8.620416;-0.1504546;0.7181627
690;41.14774;-8.620484;-0.1504558;0.7181635
691;41.14552;-8.618922;-0.1504286;0.7181249
692;41.14553;-8.619005;-0.15043;0.718125
693;41.14554;-8.619015;-0.1504302;0.7181252
694;41.14553;-8.618912;-0.1504284;0.718125
695;41.14731;-8.620514;-0.1504564;0.7181561
696;41.14742;-8.620423;-0.1504548;0.7181579
697;41.14739;-8.62049;-0.1504559;0.7181575
698;41.14629;-8.61787;-0.1504102;0.7181382
699;41.14566;-8.623108;-0.1505016;0.7181273
700;41.14575;-8.62217;-0.1504853;0.7181288
701;41.1462;-8.620112;-0.1504494;0.7181366
702;41.14716;-8.620408;-0.1504545;0.7181535
703;41.14693;-8.620354;-0.1504536;0.7181494
704;41.14613;-8.620043;-0.1504481;0.7181354
705;41.14629;-8.620208;-0.150451;0.7181382
706;41.14608;-8.619867;-0.1504451;0.7181346
707;41.14611;-8.619995;-0.1504473;0.7181351
708;41.1461;-8.619945;-0.1504464;0.7181348
709;41.14615;-8.620086;-0.1504489;0.7181358
710;41.14596;-8.612226;-0.1503117;0.7181325
711;41.14582;-8.613541;-0.1503346;0.7181301
712;41.14559;-8.615296;-0.1503653;0.7181261
713;41.14563;-8.615504;-0.1503689;0.7181267
714;41.14788;-8.614548;-0.1503522;0.7181659
715;41.14811;-8.612313;-0.1503132;0.71817
716;41.1452;-8.610455;-0.1502808;0.7181192
717;41.14514;-8.610084;-0.1502743;0.7181182
718;41.14508;-8.609587;-0.1502656;0.7181171
719;41.14822;-8.615122;-0.1503622;0.7181719
720;41.14831;-8.615081;-0.1503615;0.7181735
721;41.15049;-8.618731;-0.1504252;0.7182115
722;41.15025;-8.618721;-0.1504251;0.7182073
723;41.15009;-8.618718;-0.150425;0.7182045
724;41.15043;-8.615006;-0.1503602;0.7182105
725;41.15033;-8.615352;-0.1503662;0.7182088
726;41.15092;-8.614713;-0.1503551;0.7182191
727;41.15105;-8.6147;-0.1503549;0.7182212
728;41.1503;-8.613097;-0.1503269;0.7182081
729;41.15031;-8.612967;-0.1503246;0.7182084
730;41.14998;-8.613079;-0.1503266;0.7182026
731;41.15007;-8.612912;-0.1503237;0.7182043
732;41.14896;-8.61519;-0.1503634;0.7181848
733;41.14919;-8.615438;-0.1503678;0.7181888
734;41.14895;-8.615177;-0.1503632;0.7181846
735;41.15061;-8.610867;-0.150288;0.7182136
736;41.15052;-8.611007;-0.1502904;0.718212
737;41.15055;-8.61093;-0.1502891;0.7182127
738;41.15053;-8.610963;-0.1502897;0.7182122
739;41.15057;-8.6109;-0.1502886;0.718213
740;41.1498;-8.612104;-0.1503096;0.7181996
741;41.15032;-8.610413;-0.15028;0.7182086
742;41.15039;-8.610858;-0.1502878;0.7182097
743;41.15035;-8.610784;-0.1502865;0.7182091
744;41.15031;-8.610443;-0.1502806;0.7182085
745;41.1503;-8.610535;-0.1502822;0.7182082
746;41.15033;-8.610352;-0.150279;0.7182088
747;41.15032;-8.610699;-0.1502851;0.7182086
748;41.14999;-8.620948;-0.1504639;0.7182028
749;41.14447;-8.60951;-0.1502643;0.7181064
750;41.14487;-8.609492;-0.150264;0.7181135
751;41.14478;-8.609476;-0.1502637;0.7181118
752;41.14489;-8.609505;-0.1502642;0.7181138
753;41.14442;-8.609531;-0.1502647;0.7181057
754;41.14485;-8.609482;-0.1502638;0.7181131
755;41.14509;-8.6109;-0.1502886;0.7181172
756;41.14579;-8.610826;-0.1502873;0.7181295
757;41.14719;-8.617788;-0.1504088;0.718154
758;41.14635;-8.617814;-0.1504092;0.7181393
759;41.14709;-8.617864;-0.1504101;0.7181522
760;41.14651;-8.617729;-0.1504077;0.7181422
761;41.14626;-8.6202;-0.1504509;0.7181376
762;41.14688;-8.620343;-0.1504534;0.7181485
763;41.14529;-8.610885;-0.1502883;0.7181208
764;41.14566;-8.615137;-0.1503625;0.7181272
765;41.14569;-8.615489;-0.1503686;0.7181278
766;41.14802;-8.611263;-0.1502949;0.7181684
767;41.14999;-8.611138;-0.1502927;0.7182028
768;41.15044;-8.610847;-0.1502876;0.7182108
769;41.14774;-8.610944;-0.1502893;0.7181636
770;41.14922;-8.610629;-0.1502838;0.7181894
771;41.14931;-8.611385;-0.150297;0.7181909
772;41.14603;-8.611788;-0.150304;0.7181337
773;41.14927;-8.61103;-0.1502908;0.7181902
774;41.14542;-8.615689;-0.1503721;0.718123
775;41.14684;-8.611129;-0.1502925;0.7181479
776;41.14688;-8.611476;-0.1502986;0.7181486
777;41.14587;-8.613461;-0.1503332;0.7181309
778;41.14591;-8.61224;-0.1503119;0.7181316
779;41.14586;-8.610813;-0.150287;0.7181308
780;41.1444;-8.609528;-0.1502646;0.7181053
781;41.14562;-8.615477;-0.1503684;0.7181266
782;41.14585;-8.613532;-0.1503345;0.7181306
783;41.14597;-8.613603;-0.1503357;0.7181326
784;41.14601;-8.613564;-0.1503351;0.7181334
785;41.14696;-8.6203;-0.1504526;0.7181499
786;41.14696;-8.620278;-0.1504522;0.71815
787;41.14717;-8.620371;-0.1504539;0.7181537
788;41.1479;-8.619347;-0.150436;0.7181664
789;41.14812;-8.612299;-0.150313;0.7181701
790;41.15036;-8.610807;-0.1502869;0.7182093
791;41.14603;-8.612208;-0.1503114;0.7181337
792;41.14609;-8.612206;-0.1503114;0.7181348
793;41.14676;-8.61023;-0.1502769;0.7181464
794;41.1456;-8.623825;-0.1505141;0.7181262
795;41.14589;-8.620192;-0.1504507;0.7181313
796;41.14598;-8.619952;-0.1504465;0.7181329
797;41.14601;-8.620334;-0.1504532;0.7181334
798;41.14608;-8.619902;-0.1504457;0.7181345
799;41.14609;-8.619905;-0.1504457;0.7181347
800;41.14614;-8.619646;-0.1504412;0.7181356
801;41.14615;-8.619561;-0.1504397;0.7181358
802;41.14615;-8.61965;-0.1504413;0.7181358
803;41.14616;-8.619566;-0.1504398;0.718136
804;41.14626;-8.620127;-0.1504496;0.7181377
805;41.14658;-8.619892;-0.1504455;0.7181432
806;41.14688;-8.620272;-0.1504521;0.7181486
807;41.14776;-8.619933;-0.1504462;0.7181639
808;41.14872;-8.619379;-0.1504366;0.7181807
809;41.14596;-8.614535;-0.150352;0.7181325
810;41.14598;-8.614622;-0.1503535;0.7181329
811;41.14602;-8.61461;-0.1503533;0.7181335
812;41.14623;-8.614094;-0.1503443;0.7181372
813;41.14662;-8.614724;-0.1503553;0.718144
814;41.14718;-8.617421;-0.1504024;0.7181538
815;41.14718;-8.617416;-0.1504023;0.7181538
816;41.14735;-8.615308;-0.1503655;0.7181568
817;41.14761;-8.615256;-0.1503646;0.7181613
818;41.14806;-8.618297;-0.1504177;0.718169
819;41.14851;-8.614945;-0.1503592;0.718177
820;41.14852;-8.614953;-0.1503593;0.7181771
821;41.14867;-8.619251;-0.1504343;0.7181797
822;41.14869;-8.617807;-0.1504091;0.7181801
823;41.1487;-8.617867;-0.1504102;0.7181802
824;41.14979;-8.618525;-0.1504216;0.7181993
825;41.14993;-8.618556;-0.1504222;0.7182018
826;41.14553;-8.618919;-0.1504285;0.718125
827;41.14554;-8.619002;-0.15043;0.7181252
828;41.14618;-8.611281;-0.1502952;0.7181363
829;41.14793;-8.612243;-0.150312;0.7181669
830;41.148;-8.613155;-0.1503279;0.7181681
831;41.14539;-8.612061;-0.1503088;0.7181225
832;41.14598;-8.612322;-0.1503134;0.7181329
833;41.14527;-8.610727;-0.1502855;0.7181204
834;41.14536;-8.610713;-0.1502853;0.7181219
835;41.14541;-8.610722;-0.1502854;0.7181229
836;41.14569;-8.610684;-0.1502848;0.7181278
837;41.14572;-8.610665;-0.1502845;0.7181283
838;41.14604;-8.611633;-0.1503014;0.7181339
839;41.14605;-8.611308;-0.1502957;0.7181341
840;41.14645;-8.611217;-0.1502941;0.7181411
841;41.14681;-8.611135;-0.1502927;0.7181473
842;41.14771;-8.610193;-0.1502762;0.718163
843;41.14774;-8.610397;-0.1502798;0.7181636
844;41.14513;-8.611862;-0.1503053;0.718118
845;41.14513;-8.611853;-0.1503052;0.718118
846;41.1454;-8.610693;-0.1502849;0.7181227
847;41.15022;-8.613008;-0.1503254;0.7182068
848;41.15026;-8.613001;-0.1503252;0.7182075
849;41.15074;-8.614286;-0.1503477;0.7182159
850;41.14669;-8.609861;-0.1502704;0.7181453
851;41.14756;-8.609426;-0.1502628;0.7181603
852;41.14602;-8.610677;-0.1502847;0.7181336
853;41.14595;-8.610741;-0.1502858;0.7181323
854;41.14594;-8.61058;-0.150283;0.7181321
855;41.14599;-8.610709;-0.1502852;0.718133
856;41.14605;-8.61065;-0.1502842;0.718134
857;41.14602;-8.610869;-0.150288;0.7181335
858;41.1459;-8.61007;-0.1502741;0.7181314
859;41.14659;-8.609763;-0.1502687;0.7181435
860;41.14663;-8.609796;-0.1502693;0.7181441
861;41.14645;-8.615323;-0.1503658;0.718141
862;41.1468;-8.61132;-0.1502959;0.7181472
863;41.14693;-8.611293;-0.1502954;0.7181494
864;41.14786;-8.611102;-0.1502921;0.7181656
865;41.14828;-8.61317;-0.1503282;0.718173
866;41.14833;-8.612989;-0.150325;0.7181739
867;41.14779;-8.614552;-0.1503523;0.7181643
868;41.14733;-8.614896;-0.1503583;0.7181564
869;41.1473;-8.615932;-0.1503764;0.7181559
870;41.14729;-8.615933;-0.1503764;0.7181557
871;41.14606;-8.610796;-0.1502867;0.7181343
872;41.14601;-8.613973;-0.1503422;0.7181333
873;41.14609;-8.614114;-0.1503447;0.7181347
874;41.14479;-8.618313;-0.1504179;0.7181121
875;41.1452;-8.610441;-0.1502806;0.7181192
876;41.14709;-8.610982;-0.15029;0.7181522
877;41.14695;-8.611011;-0.1502905;0.7181497
878;41.14606;-8.611118;-0.1502924;0.7181342
879;41.14606;-8.610768;-0.1502863;0.7181343
880;41.14558;-8.610667;-0.1502845;0.7181259
881;41.14593;-8.610407;-0.15028;0.7181319
882;41.14684;-8.61075;-0.1502859;0.7181478